1 1 34 30.794117  193.20589
2 5 34 37.705883  215.41176
3 2 34 32.17647  199.23529
4 3 34 31.352942  195.82353
5 5 34 34.441177  211.61765
6 2 34 31.852942  198.73529
7 0 34 39.441177  217.91176
8 3 34 33.35294  205.41176
9 5 34 28.764706  192.05882
10 7 34 33.235294  209.94118
11 0 34 32.0  196.47058
12 3 34 35.617645  210.38235
13 2 34 32.294117  203.0
14 5 34 36.441177  210.97058
15 3 34 34.382355  205.20589
16 4 34 33.941177  206.17647
17 4 34 25.67647  182.08824
18 4 34 28.352942  190.76471
19 3 34 34.764706  209.11765
20 0 34 34.0  202.47058
21 2 34 36.235294  209.76471
22 2 34 30.882353  193.82353
23 3 34 27.147058  184.85294
24 3 34 32.735294  204.14706
25 6 34 36.35294  214.17647
26 3 34 32.64706  202.23529
27 3 34 34.264706  204.32353
28 2 34 27.117647  184.35294
29 3 34 31.82353  199.11765
30 3 34 36.02941  212.20589
31 3 34 36.441177  210.79411
32 3 34 27.147058  187.67647
33 3 34 30.294117  193.52942
34 1 34 31.411764  196.35294
35 5 34 35.0  210.70589
36 3 34 33.235294  201.47058
37 1 34 27.17647  183.23529
38 2 34 30.117647  192.64706
39 3 34 28.794117  188.61765
40 2 34 30.735294  192.55882
41 4 34 32.764706  207.29411
42 3 34 30.382353  196.38235
43 1 34 29.235294  191.47058
44 1 34 31.764706  201.17647
45 5 34 34.382355  208.55882
46 1 34 37.058823  212.58824
47 1 34 30.794117  197.44118
48 1 34 26.970589  182.55882
49 2 34 32.235294  201.52942
50 1 34 29.411764  190.35294
51 3 34 38.82353  218.05882
52 1 34 37.088234  212.20589
53 1 34 33.558823  202.5
54 2 34 33.911766  204.79411
55 0 34 30.794117  193.97058
56 2 34 31.852942  197.73529
57 1 34 33.264706  202.79411
58 1 34 36.82353  211.05882
59 2 34 26.088236  182.02942
60 1 34 27.088236  183.61765
61 3 34 35.794117  208.08824
62 0 34 27.529411  183.05882
63 2 34 31.441177  197.38235
64 0 34 32.735294  197.08824
65 2 34 35.794117  209.26471
66 2 34 29.647058  191.76471
67 1 34 34.47059  204.58824
68 3 34 33.47059  202.23529
69 3 34 22.470589  172.94118
70 3 34 30.088236  190.97058
71 2 34 31.294117  197.88235
72 4 34 31.794117  198.32353
73 2 34 32.85294  199.91176
74 3 34 32.294117  198.94118
75 3 34 31.852942  198.97058
76 1 34 35.64706  207.05882
77 3 34 33.941177  204.11765
78 3 34 27.147058  184.44118
79 5 34 33.47059  205.70589
80 5 34 38.35294  218.11765
81 4 34 39.35294  219.05882
82 6 34 36.617645  214.79411
83 2 34 35.47059  207.58824
84 2 34 33.64706  205.05882
85 2 34 36.264706  212.14706
86 2 34 30.235294  194.29411
87 2 34 37.117645  213.29411
88 3 34 33.058823  204.0
89 1 34 32.588234  198.05882
90 2 34 33.235294  201.64706
91 2 34 32.764706  200.05882
92 1 34 32.058823  196.47058
93 0 34 30.17647  190.52942
94 3 34 34.47059  207.64706
95 0 34 35.117645  206.76471
96 4 34 34.82353  210.94118
97 2 34 32.17647  197.11765
98 0 34 28.205883  184.97058
99 1 34 22.911764  172.32353
100 3 34 30.029411  193.44118
101 1 34 33.35294  200.64706
102 3 34 35.882355  213.82353
103 4 34 29.970589  193.20589
104 3 34 33.02941  202.5
105 4 34 31.911764  200.02942
106 2 34 30.941177  196.23529
107 2 34 34.382355  206.5
108 5 34 31.735294  201.97058
109 6 34 33.411766  204.82353
110 3 34 34.14706  208.55882
111 2 34 39.235294  219.94118
112 2 34 27.294117  184.82353
113 1 34 31.82353  196.05882
114 3 34 32.117645  201.58824
115 0 34 29.735294  192.55882
116 3 34 38.67647  218.32353
117 2 34 35.382355  211.67647
118 5 34 36.088234  215.26471
119 4 34 28.235294  189.05882
120 1 34 33.02941  200.32353
121 4 34 30.764706  196.52942
122 1 34 38.117645  214.29411
123 2 34 38.52941  216.17647
124 4 34 32.64706  202.05882
125 2 34 24.029411  174.26471
126 3 34 35.64706  210.76471
127 2 34 31.617647  197.44118
128 1 34 29.205883  188.67647
129 0 34 28.617647  188.73529
130 4 34 30.470589  197.29411
131 4 34 31.617647  198.26471
132 0 34 32.205883  197.26471
133 1 34 26.5  182.26471
134 3 34 32.588234  199.41176
135 3 34 33.35294  203.05882
136 0 34 31.764706  194.41176
137 1 34 29.735294  191.32353
138 0 34 29.058823  188.70589
139 1 34 26.617647  181.55882
140 2 34 30.235294  190.88235
141 3 34 30.67647  193.97058
142 2 34 31.0  196.58824
143 0 34 35.52941  205.52942
144 4 34 34.82353  207.94118
145 3 34 34.235294  207.23529
146 2 34 31.705883  196.23529
147 2 34 32.764706  198.76471
148 1 34 35.294117  205.58824
149 2 34 29.911764  190.91176
150 1 34 33.088234  203.20589
151 1 34 27.617647  184.61765
152 3 34 34.705883  206.47058
153 3 34 33.911766  204.73529
154 1 34 30.794117  192.14706
155 2 34 28.5  187.02942
156 0 34 34.82353  204.70589
157 3 34 30.441177  197.91176
158 4 34 31.82353  199.70589
159 6 34 34.17647  204.70589
160 1 34 34.14706  202.85294
161 3 34 34.17647  207.70589
162 3 34 29.029411  189.14706
163 5 34 30.264706  195.55882
164 5 34 31.264706  202.32353
165 1 34 30.794117  193.67647
166 4 34 29.705883  192.23529
167 0 34 34.558823  203.20589
168 3 34 30.32353  195.91176
169 2 34 34.764706  207.82353
170 2 34 31.588236  197.0
171 0 34 32.882355  198.35294
172 0 34 33.67647  200.73529
173 1 34 35.558823  207.08824
174 2 34 36.5  211.32353
175 2 34 30.382353  193.61765
176 2 34 39.32353  220.20589
177 4 34 31.235294  199.29411
178 2 34 30.088236  193.55882
179 4 34 37.264706  215.55882
180 2 34 30.382353  193.02942
181 1 34 29.117647  189.64706
182 4 34 35.47059  216.29411
183 2 34 24.117647  176.35294
184 0 34 33.235294  200.0
185 5 34 28.911764  193.32353
186 4 34 25.588236  180.29411
187 2 34 29.235294  188.70589
188 4 34 31.882353  197.05882
189 2 34 28.588236  188.41176
190 3 34 33.67647  202.02942
191 2 34 27.67647  185.67647
192 0 34 35.47059  207.47058
193 4 34 31.352942  198.11765
194 1 34 30.705883  194.88235
195 5 34 32.558823  205.55882
196 1 34 31.617647  195.73529
197 1 34 24.205883  175.67647
198 2 34 24.558823  178.26471
199 3 34 32.35294  200.70589
200 2 34 36.088234  210.02942
201 1 34 27.941177  184.11765
202 3 34 28.588236  188.64706
203 3 34 35.911766  211.20589
204 1 34 24.647058  177.58824
205 2 34 30.029411  192.44118
206 1 34 34.82353  204.70589
207 2 34 27.088236  183.85294
208 5 34 36.14706  216.67647
209 0 34 34.85294  209.73529
210 4 34 34.64706  208.64706
211 2 34 24.941177  177.29411
212 1 34 33.35294  200.29411
213 4 34 38.82353  222.47058
214 0 34 31.5  194.20589
215 1 34 35.264706  209.08824
216 3 34 40.0  225.41176
217 2 34 35.117645  205.76471
218 3 34 29.205883  191.67647
219 4 34 30.235294  194.76471
220 2 34 32.67647  199.5
221 2 34 34.5  210.38235
222 6 34 33.588234  205.64706
223 2 34 32.794117  199.61765
224 0 34 37.205883  212.5
225 1 34 31.264706  194.5
226 4 34 32.588234  199.29411
227 4 34 33.67647  203.5
228 3 34 31.294117  196.23529
229 7 34 36.294117  213.70589
230 2 34 34.705883  205.0
231 1 34 31.794117  196.85294
232 4 34 30.764706  195.82353
233 5 34 32.264706  203.91176
234 1 34 29.382353  193.32353
235 6 34 35.558823  213.32353
236 4 34 27.735294  189.32353
237 3 34 33.0  203.94118
238 2 34 29.5  189.14706
239 2 34 33.02941  200.79411
240 2 34 35.85294  209.97058
241 2 34 30.117647  195.11765
242 3 34 35.5  210.02942
243 3 34 36.02941  211.67647
244 3 34 37.0  213.82353
245 6 34 34.32353  208.08824
246 3 34 29.617647  194.26471
247 1 34 32.67647  198.5
248 2 34 32.64706  199.29411
249 5 34 37.64706  218.64706
250 4 34 30.735294  196.32353
251 1 34 30.529411  192.41176
252 4 34 30.794117  196.32353
253 4 34 30.941177  195.0
254 3 34 37.264706  215.79411
255 3 34 33.52941  204.58824
256 2 34 26.17647  181.17647
257 1 34 34.5  204.67647
258 1 34 27.911764  185.73529
259 1 34 32.32353  197.55882
260 1 34 33.441177  202.91176
261 3 34 35.264706  209.02942
262 3 34 33.411766  203.58824
263 0 34 28.029411  184.55882
264 2 34 30.17647  191.41176
265 3 34 31.882353  196.88235
266 2 34 36.5  210.14706
267 1 34 31.294117  197.4705
268 3 34 29.852942  197.08824
269 3 34 30.735294  195.91176
270 2 34 34.088234  204.79411
271 4 34 32.617645  201.44118
272 1 34 33.35294  201.35294
273 5 34 32.735294  204.38235
274 1 34 34.588234  205.47058
275 3 34 32.264706  200.55882
276 5 34 30.647058  196.41176
277 1 34 34.67647  206.73529
278 1 34 30.558823  193.91176
279 2 34 32.617645  209.20589
280 3 34 30.794117  196.08824
281 1 34 36.264706  211.55882
282 7 34 31.441177  205.73529
283 4 34 32.558823  201.79411
284 0 34 27.617647  183.97058
285 2 34 30.558823  192.73529
286 2 34 32.64706  202.58824
287 1 34 29.764706  190.11765
288 2 34 34.5  206.79411
289 0 34 25.941177  177.94118
290 1 34 26.0  180.0
291 3 34 35.411766  208.82353
292 2 34 33.088234  200.73529
293 4 34 37.764706  214.05882
294 5 34 32.794117  203.79411
295 3 34 29.705883  193.23529
296 3 34 28.529411  189.58824
297 3 34 36.911766  211.5
298 2 34 33.64706  200.82353
299 1 34 30.970589  194.79411
300 4 34 37.558823  216.08824
301 1 34 38.14706  215.08824
302 2 34 30.382353  193.02942
303 2 34 32.235294  199.88235
304 1 34 29.882353  193.41176
305 2 34 34.617645  204.73529
306 6 34 33.264706  205.02942
307 1 34 33.794117  201.67647
308 2 34 30.794117  196.73529
309 2 34 28.17647  186.23529
310 5 34 32.82353  202.41176
311 2 34 25.5  180.14706
312 4 34 35.411766  208.29411
313 1 34 31.852942  199.55882
314 2 34 35.17647  209.0
315 3 34 36.764706  216.05882
316 4 34 36.117645  211.47058
317 2 34 30.67647  195.14706
318 2 34 39.17647  219.05882
319 7 34 35.85294  214.67647
320 3 34 30.470589  194.23529
321 1 34 36.911766  214.55882
322 4 34 34.705883  210.05882
323 5 34 38.941177  220.35294
324 3 34 32.941177  200.94118
325 1 34 30.0  192.17647
326 4 34 31.705883  197.82353
327 1 34 32.558823  200.02942
328 2 34 34.617645  207.55882
329 5 34 32.5  204.08824
330 2 34 30.32353  194.61765
331 0 34 32.97059  199.14706
332 3 34 31.794117  199.08824
333 1 34 26.352942  179.35294
334 3 34 33.64706  204.29411
335 0 34 30.382353  191.20589
336 2 34 35.441177  207.5
337 2 34 32.558823  199.14706
338 3 34 37.588234  214.64706
339 7 34 35.941177  212.05882
340 1 34 31.5  195.08824
341 0 34 30.411764  192.76471
342 1 34 35.97059  208.85294
343 2 34 32.0  196.82353
344 1 34 27.588236  182.47058
345 0 34 24.588236  177.35294
346 3 34 34.764706  205.82353
347 5 34 33.264706  204.44118
348 6 34 35.588234  215.29411
349 3 34 30.0  194.11765
350 2 34 34.14706  204.4411
351 3 34 33.02941  201.20589
352 2 34 34.17647  205.82353
353 4 34 34.0  203.0
354 1 34 30.235294  194.70589
355 1 34 37.382355  211.26471
356 2 34 37.617645  214.55882
357 2 34 27.764706  187.64706
358 2 34 30.382353  192.08824
359 2 34 37.911766  215.79411
360 2 34 25.705883  180.41176
361 0 34 38.411766  216.05882
362 2 34 33.117645  200.52942
363 2 34 25.32353  180.85294
364 5 34 30.5  198.02942
365 2 34 32.764706  199.47058
366 2 34 34.735294  205.02942
367 1 34 29.17647  189.17647
368 3 34 34.764706  207.58824
369 0 34 25.411764  179.11765
370 2 34 38.0  216.11765
371 2 34 35.764706  208.11765
372 6 34 35.14706  211.14706
373 6 34 37.117645  215.58824
374 2 34 37.764706  216.05882
375 3 34 33.882355  204.76471
376 2 34 33.5  202.38235
377 4 34 33.85294  207.32353
378 3 34 33.588234  203.47058
379 4 34 34.52941  207.05882
380 2 34 29.911764  190.44118
381 3 34 37.35294  215.23529
382 4 34 32.764706  201.58824
383 2 34 31.705883  198.05882
384 0 34 33.764706  200.88235
385 2 34 33.67647  204.02942
386 0 34 21.764706  166.58824
387 4 34 29.470589  193.17647
388 0 34 33.558823  201.08824
389 3 34 31.735294  198.20589
390 0 34 35.5  206.32353
391 2 34 35.35294  207.47058
392 1 34 32.0  196.88235
393 3 34 31.705883  198.58824
394 3 34 28.82353  189.35294
395 2 34 30.794117  197.14706
396 3 34 34.35294  207.47058
397 2 34 36.0  210.0
398 5 34 36.705883  213.82353
399 2 34 32.52941  200.29411
400 8 34 38.47059  220.64706
401 1 34 33.617645  202.26471
402 2 34 33.5  205.08824
403 3 34 34.32353  205.55882
404 1 34 31.588236  195.0
405 6 34 32.52941  202.58824
406 1 34 26.67647  181.91176
407 2 34 33.058823  200.58824
408 1 34 28.735294  186.85294
409 2 34 30.088236  192.55882
410 1 34 31.911764  199.08824
411 3 34 36.058823  211.52942
412 2 34 27.411764  185.0
413 3 34 33.52941  203.23529
414 5 34 35.14706  209.5
415 4 34 32.911766  202.44118
416 3 34 29.882353  195.0
417 2 34 34.35294  205.76471
418 2 34 34.64706  205.23529
419 1 34 30.82353  197.64706
420 4 34 37.441177  212.91176
421 3 34 33.52941  203.29411
422 3 34 30.735294  193.5
423 3 34 35.411766  207.29411
424 6 34 38.558823  222.20589
425 0 34 35.411766  205.64706
426 0 34 36.205883  207.55882
427 3 34 32.735294  201.97058
428 0 34 31.617647  198.91176
429 3 34 34.294117  204.94118
430 1 34 33.382355  203.20589
431 1 34 34.32353  204.02942
432 2 34 31.617647  197.38235
433 4 34 33.35294  204.0
434 1 34 31.205883  196.38235
435 2 34 34.0  205.23529
436 4 34 33.911766  207.85294
437 2 34 30.029411  192.14706
438 5 34 30.588236  195.64706
439 1 34 34.235294  206.58824
440 4 34 28.32353  189.85294
441 2 34 30.794117  196.67647
442 4 34 34.558823  206.5
443 3 34 31.441177  198.26471
444 1 34 32.85294  197.85294
445 0 34 33.617645  199.79411
446 3 34 33.264706  206.91176
447 3 34 28.441177  190.91176
448 1 34 34.441177  204.55882
449 5 34 35.14706  207.38235
450 4 34 37.17647  213.58824
451 3 34 36.35294  210.58824
452 1 34 30.411764  192.88235
453 3 34 34.088234  203.91176
454 1 34 32.882355  198.0
455 0 34 32.02941  198.14706
456 1 34 36.058823  208.70589
457 2 34 28.294117  190.11765
458 4 34 28.67647  193.20589
459 5 34 34.411766  208.70589
460 3 34 29.794117  194.73529
461 1 34 28.82353  189.35294
462 2 34 29.617647  191.85294
463 2 34 30.852942  194.20589
464 2 34 29.941177  189.76471
465 2 34 38.235294  215.64706
466 1 34 31.411764  198.35294
467 5 34 38.911766  220.38235
468 0 34 34.35294  204.47058
469 3 34 30.029411  191.79411
470 0 34 35.235294  207.82353
471 1 34 30.735294  191.97058
472 0 34 36.32353  207.85294
473 1 34 30.5  193.32353
474 4 34 34.294117  205.76471
475 5 34 36.088234  214.5
476 5 34 36.264706  211.02942
477 1 34 33.558823  202.08824
478 1 34 34.67647  207.91176
479 0 34 34.235294  204.94118
480 1 34 29.941177  190.64706
481 1 34 32.97059  200.5
482 3 34 31.941177  202.29411
483 5 34 37.411766  215.88235
484 3 34 38.235294  219.52942
485 3 34 34.735294  207.02942
486 5 34 37.117645  218.47058
487 3 34 29.029411  188.73529
488 1 34 30.529411  193.47058
489 3 34 30.294117  193.76471
490 3 34 36.205883  210.02942
491 3 34 34.088234  206.20589
492 3 34 34.705883  206.05882
493 5 34 32.588234  201.17647
494 4 34 36.14706  213.08824
495 0 34 33.117645  199.52942
496 1 34 31.970589  197.08824
497 0 34 34.764706  203.58824
498 0 34 25.941177  184.70589
499 2 34 30.17647  194.47058
500 5 34 33.85294  208.44118
